-3.95579 2.38747
-2.76899 3.818
-2.90637 4.03546
-3.0902 2.8748
-3.35981 3.08047
-2.5613 3.32478
-2.70965 3.60054
-3.0644 2.88789
-2.77866 5.10835
-1.87373 1.77178
-3.61652 4.22475
-2.8838 3.70599
-3.47978 2.83681
-3.73197 3.85271
-3.25596 3.39159
2.57097 4.79264
-2.79092 3.63132
-2.24525 4.05183
-2.68126 3.50753
-5.47154 3.98699
-2.14333 5.20463
-1.74602 5.55899
-3.91128 6.75436
-3.27531 4.08196
-2.86058 3.80162
-2.86896 5.31336
-3.73326 2.88855
-2.32329 3.537
-3.55331 3.83503
-1.94726 3.53504
-3.29014 7.56525
-3.36819 6.64236
-3.40238 3.48722
-3.32756 3.48722
-3.52751 4.06886
-3.64619 3.28679
-3.12567 4.90006
-3.11084 3.65228
-2.94378 3.36932
-2.81607 4.0145
-2.32652 4.061
-1.12424 6.20809
-3.31079 3.0523
-3.32369 4.03873
-2.56387 4.38064
-3.15599 6.62336
-3.09149 2.66978
-2.27556 0.443435
-3.54492 8.07091
-2.80059 3.19378
-1.26936 4.92953
-3.30756 3.25797
-2.60838 1.39318
-1.64088 4.67081
-3.10116 3.23832
-3.03214 4.29156
-2.76253 4.77954
-2.62451 2.82174
-2.49938 3.48264
-2.91604 3.99419
-2.42907 3.92935
-0.95589 5.48956
-2.77028 3.93852
-3.19856 3.61822
-3.00506 3.71123
-2.72448 3.55796
-3.13406 16.6193
-2.68191 3.55796
-0.37926 -3.57434
-2.86251 5.12603
-3.50106 3.64049
-2.68449 4.07737
-3.29853 4.34986
-3.3353 3.61495
-3.50816 3.76887
-3.14824 6.79759
-2.60774 3.3667
-1.39191 4.5457
-16.0657 3.94638
-3.50687 2.76869
-3.13341 4.35313
-2.55485 7.45783
-2.36909 4.04004
-2.99474 3.89005
-2.94314 6.19041
-2.59806 3.60512
-2.50389 3.91166
-2.57613 3.81145
-2.92766 3.36605
-2.43874 3.7132
-3.21274 4.11406
-1.91372 6.75895
-2.83478 2.33901
-2.96313 2.53616
-3.51202 3.75708
-2.6774 3.79638
-2.51357 2.51127
-2.38586 3.5691
-2.31426 3.44072
-3.06826 3.89922
-3.28047 3.38439
-3.89258 5.37624
-2.89799 3.69289
-2.58194 3.13745
-3.05279 3.68241
