-26378.7
-26704.8
-27008.1
-27975.1
-29058.4
-29462.1
-30497.9
-26081.8
-28288.3
-28977
-30576.6
-25913.3
-26706.9
-26775.5
-28350.8
-31760.2
-25457.2
-27911.3
-29568.2
-50941.7
-26757.7
-26914.3
-27337.5
-26682
-26865.3
-27294.7
-28300.6
-29985.5
-27152.1
-27429.5
-28682.1
-27470.7
-27804
-28024.8
-28189.5
-28288.1
-28475.2
-28881.9
-27718.2
-28263
-28466.6
-27831.4
-27986.4
-28260.7
-28433
-28547.2
-29164.1
-32897.3
-27337.4
-27601.4
-27778.4
-25705
-26081.1
-26852.3
-27816.4
-26673.9
-27112.4
-25550.3
-26699.7
-27122.1
-27600.1
-27901.1
-28760.7
-26110.1
-26624.5
-28060.4
-26274.4
-26867.9
-27225
-28161.7
-29442
-26165.6
-28099.7
-26599.7
-26913.2
-27287.2
-27875.7
-28132.5
-26380.8
-27399.4
-28376.1
-28848.8
-26288.6
-26413.5
-27278.9
-27768.6
-27939
-30305
-26637.8
-29152.7
-26894.8
-27822
-27953.4
-25289.9
-26138.3
-27221.3
-27660.8
-29097.2
-29197.8
-25951.7
-26930.9
-27188.9
-27274.7
-30577.9
-26583.8
