66	Cr	1.52E-11	65973660	540
66	Mn	1.83E-09	65960546.83	12
66	Fe	2.30E-08	65946249.96	4.4
66	Co	2.44E-08	65939442.95	15
66	Ni	3.35E-09	65929139.33	1.5
66	Cu	3.30E-11	65928869.03	0.715
67	Cr	3.07E-12	66980160	540
67	Mn	1.01E-09	66964240	430
67	Fe	3.25E-08	66950543.4	234.002
67	Co	8.23E-08	66940609.63	6.917
67	Ni	2.76E-08	66931569.41	3.1
67	Cu	7.18E-10	66927730.31	1.3
67	Zn	1.79E-12	66927127.75	0.958
68	Cr	0.00E+00	67984030	750
68	Mn	3.88E-10	67969620	540
68	Fe	3.19E-08	67952951.55	392.121
68	Co	1.92E-07	67944257.59	160.798
68	Ni	1.50E-07	67931868.79	3.2
68	Cu	2.94E-09	67929610.89	1.7
68	Zn	6.55E-11	67924844.55	0.98
69	Mn	9.82E-11	68973660	640
69	Fe	2.13E-08	68958070	430
69	Co	3.12E-07	68946141.27	204.799
69	Ni	5.65E-07	68935610.27	4
69	Cu	8.98E-08	68929429.27	1.5
69	Zn	2.99E-10	68926550.68	0.995
70	Mn	1.48E-11	69979370	750
70	Fe	8.87E-09	69961020	540
70	Co	3.36E-07	69949630	320
70	Ni	1.46E-06	69936431.3	2.301
70	Cu	1.40E-07	69932392.08	1.161
70	Zn	2.57E-08	69925319.21	2.059
70	Ga	7.77E-11	69926021.93	1.289
71	Mn	1.73E-12	70983680	750
71	Fe	2.81E-09	70966720	640
71	Co	2.77E-07	70952366.92	499.23
71	Ni	2.88E-06	70940518.96	2.401
71	Cu	2.57E-06	70932676.83	1.6
71	Zn	5.55E-08	70927719.58	2.849
71	Ga	2.35E-09	70924702.58	0.874
72	Fe	5.29E-10	71969830	750
72	Co	1.42E-07	71957290	430
72	Ni	3.75E-06	71941785.93	2.401
72	Cu	7.92E-06	71935820.31	1.5
72	Zn	2.22E-06	71926842.81	2.3
72	Ga	4.74E-08	71926367.47	0.882
72	Ge	9.59E-11	71922075.83	0.081
73	Fe	6.95E-11	72975720	750
73	Co	5.05E-08	72960390	540
73	Ni	3.40E-06	72946206.68	2.601
73	Cu	1.70E-05	72936674.38	2.084
73	Zn	1.11E-05	72929582.58	2
73	Ga	6.00E-07	72925174.68	1.8
73	Ge	2.65E-09	72923458.96	0.061
73	As	1.05E-12	72923829.09	4.136
74	Fe	5.92E-12	73979350	860
74	Co	1.18E-08	73965150	640
74	Ni	2.08E-06	73947980	430
74	Cu	2.52E-05	73939874.86	6.6
74	Zn	3.82E-05	73929407.26	2.7
74	Ga	5.05E-06	73926945.73	3.214
74	Ge	7.24E-08	73921177.76	0.013
74	As	1.91E-11	73923928.6	1.817
75	Co	1.72E-09	74968760	750
75	Ni	8.33E-07	74952500	320
75	Cu	2.59E-05	74941522.61	2.501
75	Zn	9.38E-05	74932840.25	2.1
75	Ga	3.01E-05	74926500.25	2.6
75	Ge	1.48E-07	74922858.37	0.055
75	As	2.79E-09	74921594.57	0.948
76	Co	1.79E-10	75974130	860
76	Ni	2.36E-07	75955330	540
76	Cu	1.90E-05	75945275.03	7.2
76	Zn	1.64E-04	75933114.96	1.562
76	Ga	1.22E-04	75928827.63	2.1
76	Ge	1.15E-05	75921402.73	0.019
76	As	7.56E-08	75922392.02	0.951
76	Se	4.42E-11	75919213.7	0.017
77	Ni	4.08E-08	76960550	540
77	Cu	8.90E-06	76947920	160
77	Zn	1.93E-04	76936887.2	2.117
77	Ga	3.42E-04	76929154.3	2.6
77	Ge	6.94E-05	76923549.84	0.057
77	As	1.40E-06	76920647.56	1.842
77	Se	2.98E-10	76919914.15	0.067
78	Ni	8.40E-09	77963360	860
78	Cu	4.94E-06	77952230	540
78	Zn	2.72E-04	77938289.21	2.086
78	Ga	1.13E-03	77931608.85	2.043
78	Ge	6.21E-04	77922852.91	3.795
78	As	2.77E-05	77921827.77	10.534
78	Se	1.20E-07	77917309.28	0.195
79	Cu	9.46E-07	78955020	430
79	Zn	1.36E-04	78942638.07	2.388
79	Ga	1.37E-03	78932852.3	2.005
79	Ge	1.74E-03	78925360.13	39.915
79	As	1.90E-04	78920948.42	5.782
79	Se	1.94E-06	78918499.29	0.241
79	Br	0.00E+00	78918337.58	1.387
80	Cu	9.56E-08	79960890	640
80	Zn	3.76E-05	79944552.93	2.774
80	Ga	9.63E-04	79936420.78	3.103
80	Ge	2.91E-03	79925350.78	2.205
80	As	7.80E-04	79922474.58	3.579
80	Se	2.42E-05	79916521.76	1.339
80	Br	0.00E+00	79918529.79	1.379
81	Cu	9.15E-09	80965872	859
81	Zn	9.76E-06	80950402.62	5.4
81	Ga	6.41E-04	80938133.84	3.503
81	Ge	4.60E-03	80928832.94	2.205
81	As	2.88E-03	80922132.28	2.863
81	Se	2.92E-05	80917993.02	1.357
81	Br	1.20E-06	80916289.69	1.375
82	Cu	5.64E-10	81972442	859
82	Zn	1.70E-06	81954260	320
82	Ga	3.01E-04	81943176.53	2.604
82	Ge	5.39E-03	81929774.03	2.405
82	As	4.00E-03	81924741.23	4.602
82	Se	1.55E-03	81916699.5	1.516
83	Zn	2.68E-07	82960560	540
83	Ga	1.35E-04	82947120.3	2.804
83	Ge	6.39E-03	82934539.1	2.605
83	As	2.32E-02	82925206.9	3.004
83	Se	9.01E-03	82919118.57	3.559
83	Br	4.29E-04	82915175.62	4.13
83	Kr	0.00E+00	82914127.16	0.321
84	Zn	1.28E-08	83965206	644
84	Ga	1.85E-05	83952460	430
84	Ge	2.40E-03	83937575.09	3.403
84	As	2.19E-02	83929303.29	3.403
84	Se	2.55E-02	83918466.76	2.105
84	Br	9.17E-04	83916496.42	27.622
85	Ga	2.85E-06	84956990	320
85	Ge	1.06E-03	84942969.66	4.003
85	As	2.60E-02	84932163.66	3.304
85	Se	3.75E-02	84922260.76	2.804
85	Br	1.92E-02	84915645.76	3.304
85	Kr	4.60E-04	84912527.26	2.147
86	Ga	1.33E-07	85963010	750
86	Ge	1.42E-04	85946580	320
86	As	9.35E-03	85936701.53	3.703
86	Se	6.70E-02	85924311.73	2.705
86	Br	2.10E-02	85918805.43	3.304
87	Ge	2.02E-05	86952680	430
87	As	3.78E-03	86940291.72	3.204
87	Se	7.11E-02	86928688.62	2.405
87	Br	1.10E-01	86920674.02	3.404
87	Kr	2.24E-02	86913354.76	0.264
87	Rb	3.38E-04	86909180.53	0.006
87	Sr	0.00E+00	86908877.53	1.154
88	Ge	1.59E-06	87956910	540
88	As	8.64E-04	87945550	210
88	Se	4.42E-02	87931417.49	3.604
88	Br	1.69E-01	87924083.29	3.404
88	Kr	8.81E-02	87914447.88	2.8
88	Rb	3.66E-03	87911315.59	0.171
88	Sr	1.50E-05	87905612.54	1.164
89	As	1.09E-04	88949760	320
89	Se	1.53E-02	88936669.06	4.003
89	Br	1.50E-01	88926704.56	3.504
89	Kr	1.74E-01	88917835.45	2.3
89	Rb	2.00E-02	88912278.3	5.863
89	Sr	2.29E-04	88907451.1	1.168
89	Y	0.00E+00	88905840.35	2.397
90	Se	4.15E-03	89940096	354
90	Br	1.09E-01	89931292.85	3.604
90	Kr	3.35E-01	89919527.93	2
90	Rb	1.75E-02	89914798.45	6.993
90	Sr	2.94E-03	89907730.04	2.809
90	Y	6.01E-06	89907143.94	2.397
91	Se	5.84E-04	90945960	540
91	Br	4.14E-02	90934398.62	3.804
91	Kr	3.16E-01	90923806.31	2.4
91	Rb	2.24E-01	90916537.17	8.381
91	Sr	1.78E-02	90910195.44	6.066
91	Y	1.08E-04	90907297.44	2.761
92	Se	6.09E-05	91949840	640
92	Br	1.20E-02	91939631.6	7.202
92	Kr	2.36E-01	91926173.09	2.9
92	Rb	3.47E-01	91919728.39	6.579
92	Sr	8.14E-02	91911038.19	3.676
92	Y	1.24E-03	91908945.14	9.882
93	Br	2.53E-03	92943134	483
93	Kr	1.30E-01	92931147.17	2.7
93	Rb	5.03E-01	92922039.27	8.406
93	Sr	2.36E-01	92914024.23	8.112
93	Y	1.07E-02	92909577.89	11.351
93	Zr	4.25E-05	92906469.95	1.952
93	Nb	0.00E+00	92906373	1.958
94	Se	2.35E-07	93960490	860
94	Br	3.58E-04	93948900	430
94	Kr	4.89E-02	93934140.45	13
94	Rb	4.54E-01	93926394.81	2.177
94	Sr	5.47E-01	93915355.6	1.785
94	Y	5.96E-02	93911590.58	6.938
94	Zr	6.61E-04	93906310.83	2.019
95	Kr	1.10E-02	94939710.92	20
95	Rb	2.68E-01	94929260	21.696
95	Sr	7.67E-01	94919352.94	6.323
95	Y	1.98E-01	94912816.06	7.396
95	Zr	5.87E-03	94908038.53	1.94
95	Nb	9.12E-06	94906832.4	0.709
95	Mo	1.78E-09	94905838.77	0.473
96	Kr	1.98E-03	95943016.62	22
96	Rb	1.27E-01	95934133.38	3.599
96	Sr	8.88E-01	95921706.58	9.328
96	Y	5.45E-02	95915896.84	6.852
96	Zr	0.00E+00	95908271.43	2.141
96	Nb	0.00E+00	95908097.29	3.467
96	Mo	0.00E+00	95904676.12	0.473
97	Kr	1.99E-04	96949088.79	140
97	Rb	3.44E-02	96937177.14	2.052
97	Sr	6.02E-01	96926373.96	3.644
97	Y	8.70E-01	96918274.11	7.507
97	Zr	1.66E-01	96910951.21	2.126
97	Nb	1.76E-03	96908095.93	1.892
98	Kr	1.72E-05	97952430	320
98	Rb	8.20E-03	97941686.87	3.7
98	Sr	3.71E-01	97928688.78	3.964
98	Y-m	6.43E-01	97922640.4	10
98	Y	6.43E-01	97922382.12	8.767
98	Zr	5.87E-01	97912728.89	9.314
98	Nb	1.62E-02	97910326.46	5.779
99	Sr	1.35E-01	98932890.67	3.824
99	Y	1.15E+00	98924147.98	7.424
99	Zr	1.25E+00	98916666.75	11.358
99	Nb-m	1.07E-03	98912004.9	10
99	Nb	9.33E-03	98911613.18	12.931
99	Mo	1.14E-03	98907708.51	0.517
99	Tc	5.48E-07	98906250.84	1.037
100	Kr	2.69E-08	99962370	430
100	Rb	1.05E-04	99950030	210
100	Sr	3.52E-02	99935769.69	10.237
100	Y	7.78E-01	99927714.69	12.198
100	Zr	2.06E+00	99918000.58	8.9
100	Nb-m	2.85E-01	99914663.38	10
100	Nb	2.85E-01	99914327.59	8.837
100	Mo	1.48E-02	99907471.78	1.124
100	Tc	2.53E-05	99907653.88	1.492
101	Sr	5.66E-03	100940351.7	86.247
101	Y	3.36E-01	100930147.7	7.915
101	Zr	2.20E+00	100921448	9.117
101	Nb	1.30E+00	100915310.3	4.16
101	Mo	8.93E-02	100910341.4	1.127
101	Tc	4.46E-04	100907309.1	25.79
101	Ru	1.90E-07	100905576.9	1.154
101	Rh	0.00E+00	100906160.6	6.286
102	Sr	4.78E-04	101943791	75.275
102	Y	8.26E-02	101934327.7	4.378
102	Zr	1.45E+00	101923140.9	9.663
102	Nb	2.04E+00	101918077.2	3.5
102	Mo	4.64E-01	101910283.4	9.108
102	Tc	2.94E-03	101909209.7	9.866
102	Ru	7.61E-06	101904344.1	1.155
103	Y	1.78E-02	102937243	12.028
103	Zr	8.43E-01	102927190.7	10.154
103	Nb	3.06E+00	102919457.2	4.359
103	Mo	1.47E+00	102913078.6	10.154
103	Tc	5.66E-02	102909176.1	10.55
103	Ru	1.31E-04	102906318.6	1.165
103	Rh	0.00E+00	102905498	2.61
104	Sr	1.08E-06	103952650	320
104	Y	1.64E-03	103941960	430
104	Zr	2.24E-01	103929435.7	10.256
104	Nb	2.15E+00	103922892.5	3.688
104	Mo	2.83E+00	103913734.4	9.819
104	Tc	4.31E-01	103911424.9	26.765
104	Ru	3.14E-03	103905427.5	2.755
105	Zr	3.91E-02	104934008.2	13.202
105	Nb	9.99E-01	104924946.5	4.461
105	Mo	3.02E+00	104916968.6	9.98
105	Tc	2.10E+00	104911654.9	37.881
105	Ru	6.83E-02	104907747.6	2.756
105	Rh	5.53E-05	104905688.5	2.694
105	Pd	1.07E-08	104905079.6	1.222
106	Zr	6.07E-03	105936760	210
106	Nb	4.41E-01	105928931.7	4.56
106	Mo	3.47E+00	105918259.5	10.071
106	Tc	2.19E+00	105914357.6	13.153
106	Ru	2.08E-01	105907329.1	5.793
106	Rh	5.92E-04	105907286.8	5.792
106	Pd	6.22E-07	105903480.4	1.187
106	Ag	0.00E+00	105906663.6	3.237
107	Nb	9.02E-02	106931593.7	8.685
107	Mo	2.01E+00	106922105.9	10.174
107	Tc	3.63E+00	106915460.6	9.332
107	Ru	8.72E-01	106909972	9.332
107	Rh	1.58E-02	106906747.8	12.937
107	Pd	9.21E-06	106905128.2	1.29
107	Ag	0.00E+00	106905091.6	2.557
108	Zr	1.44E-05	107944870	430
108	Nb	1.02E-02	107936074.8	8.843
108	Mo	6.67E-01	107924033.5	10.178
108	Tc	3.33E+00	107918495.7	9.436
108	Ru	1.98E+00	107910188	9.341
108	Rh-m	5.73E-02	107908837.9	10
108	Rh	5.73E-02	107908714.5	15.025
109	Nb	7.99E-04	108939216	564
109	Mo	1.48E-01	108928424.2	12.235
109	Tc	1.89E+00	108920256.4	10.401
109	Ru	2.99E+00	108913326	9.634
109	Rh-m	2.54E-01	108908991.4	10
109	Rh	6.52E-01	108908748.8	4.344
109	Pd	2.83E-03	108905950.4	1.198
110	Zr	5.81E-09	109953960	640
110	Nb	3.97E-05	109944030	210
110	Mo	2.31E-02	109930703.7	26.111
110	Tc	8.55E-01	109923743.5	10.216
110	Ru	3.62E+00	109914040.7	9.602
110	Rh-m**	6.75E-01	109911314.6	10
110	Rh	6.75E-01	109911079.4	19.116
110	Pd	6.05E-02	109905172.2	0.745
110	Ag	1.25E-04	109906110.2	1.404
111	Mo	1.42E-03	110935654.3	13.519
111	Tc	1.76E-01	110925901.3	11.379
111	Ru	2.26E+00	110917569.9	10.415
111	Rh	2.46E+00	110911642.3	7.355
111	Pd-m	1.71E-01	110907874.6	10
111	Pd	1.21E-01	110907689.7	0.859
111	Ag	4.53E-04	110905295.9	1.634
111	Cd	2.46E-06	110904182.9	0.605
112	Mo	5.34E-05	111938310	210
112	Tc	2.29E-02	111929945.8	6.034
112	Ru	9.39E-01	111918809.2	10.327
112	Rh	2.39E+00	111914403.2	47.327
112	Pd	7.45E-01	111907329.7	7.026
112	Ag	3.60E-02	111907048.6	2.6
112	Cd	1.00E-04	111902762.9	0.595
112	In	3.57E-09	111905537.7	4.593
113	Tc	1.64E-03	112932569	3.6
113	Ru	2.13E-01	112922844	39.148
113	Rh	1.95E+00	112915439.3	7.654
113	Pd	2.39E+00	112910261	7.456
113	Ag-m	1.96E-01	112906618.9	10
113	Ag	2.94E-02	112906572.9	17.87
113	Cd	5.51E-04	112904408.1	0.445
113	In	0.00E+00	112904061.8	0.914
114	Mo	6.24E-09	113946530	320
114	Tc	3.87E-05	113936910	108
114	Ru	1.90E-02	113924613.6	3.813
114	Rh	5.60E-01	113918718.3	76.824
114	Pd	1.82E+00	113910368.6	7.457
114	Ag	9.13E-01	113908823	4.9
114	Cd	1.98E-02	113903365.1	0.43
114	In	8.70E-06	113904917.9	0.938
115	Ru	1.18E-03	114928819.9	71.232
115	Rh	1.71E-01	114920311.6	7.843
115	Pd	1.70E+00	114913658.5	14.542
115	Ag-m	5.38E-01	114908811.1	10
115	Ag	4.39E-01	114908767.4	19.611
115	Cd	1.23E-02	114905437.5	0.765
115	In	9.51E-05	114903878.8	0.012
116	Tc	4.55E-10	115944760	320
116	Ru	2.29E-05	115931219.2	4
116	Rh	2.26E-02	115924058.5	75.878
116	Pd	8.19E-01	115914297	7.657
116	Ag-m	5.37E-01	115911438	10
116	Ag	6.50E-01	115911386.8	3.5
116	Cd	9.83E-02	115904763.1	0.171
116	In	0.00E+00	115905260	0.236
117	Ru	3.71E-07	116936103	628.5
117	Rh	2.15E-03	116926035.4	9.547
117	Pd	2.92E-01	116917954.7	7.786
117	Ag-m	5.15E-01	116911805.2	10
117	Ag	5.00E-01	116911773.9	14.57
117	Cd-m	1.47E-01	116907372.4	10
117	Cd	4.38E-02	116907226	1.087
117	In	6.84E-04	116904515.7	5.239
118	Ru	2.26E-08	117938530	320
118	Rh	3.54E-04	117930340.2	26.017
118	Pd	1.27E-01	117919066.7	2.674
118	Ag-m	2.94E-01	117914644.7	10
118	Ag	2.97E-01	117914595.5	2.7
118	Cd	2.72E-01	117906921.9	21.471
118	In	2.64E-03	117906356.6	8.322
118	Sn	1.16E-06	117901606.6	0.536
119	Ru	4.47E-11	118943570	320
119	Rh	5.11E-06	118932557	10
119	Pd	8.49E-03	118923340.2	8.852
119	Ag	1.93E-01	118915570.3	15.783
119	Cd-m	8.91E-02	118910004.8	10
119	Cd	8.91E-02	118909846.9	40.467
119	In	3.37E-03	118905850.7	7.845
119	Sn	0.00E+00	118903311.2	0.779
120	Rh	3.94E-09	119936860	210
120	Pd	4.05E-04	119924551.1	2.461
120	Ag	7.95E-02	119918784.8	4.8
120	Cd	1.56E-01	119909868.1	4
120	In	1.54E-03	119907966.6	42.952
120	Sn	2.21E-07	119902201.6	0.97
121	Pd	8.11E-07	120928950.3	3.6
121	Ag	1.90E-02	120920125.3	13
121	Cd	9.79E-02	120912963.7	2.085
121	In	5.70E-04	120907851.1	29.43
121	Sn	6.28E-11	120904242.6	1.033
122	Pd	3.32E-10	121930631.7	21
122	Ag	4.68E-03	121923664.4	41
122	Cd	8.34E-02	121913459.1	2.468
122	In	1.68E-04	121910280.7	53.739
123	Ru	0.00E+00	122959890	540
123	Rh	1.44E-12	122946850	430
123	Pd	1.78E-06	122935140	210
123	Ag	3.34E-03	122925337.1	33
123	Cd	3.34E-02	122916892.5	2.894
123	In	3.34E-03	122910433.7	21.285
123	Sn	2.07E-06	122905725.2	2.601
123	Sb	3.17E-12	122904213.2	2.278
124	Ru	3.51E-09	123963050	640
124	Rh	1.43E-06	123951510	430
124	Pd	1.42E-04	123937140	320
124	Ag	2.42E-03	123928931.2	270
124	Cd	1.10E-02	123917657.4	3.215
124	In	9.46E-03	123913182.2	32.82
124	Sn	2.27E-03	123905276.6	1.089
124	Sb	4.87E-05	123905935	2.277
125	Pd	4.53E-06	124941790	430
125	Ag	2.03E-04	124931046	643.5
125	Cd	2.69E-03	124921257.6	3.097
125	In	3.66E-03	124913604.6	29.01
125	Sn	4.46E-03	124907786.4	1.109
125	Sb	1.13E-03	124905253	2.791
125	Te	4.73E-05	124904429.9	1.614
126	Pd	6.06E-12	125944160	540
126	Ag	1.98E-07	125934750	210
126	Cd	2.33E-04	125922429.1	2.658
126	In	7.98E-03	125916507.3	28.901
126	Sn	1.77E-02	125907658.8	11.215
126	Sb	6.72E-04	125907253	34.103
126	Te	1.06E-05	125903310.9	1.616
127	Cd	9.83E-09	126926472.4	13.741
127	In	2.38E-03	126917446.3	22.745
127	Sn	6.97E-02	126910389.9	10.799
127	Sb	2.68E-03	126906924.3	5.503
127	Te	6.14E-10	126905225.7	1.627
128	Cd	3.35E-09	127927812.9	7.776
128	In	3.32E-03	127920401	164.766
128	Sn	1.75E-01	127910507.2	18.958
128	Sb	5.57E-03	127909145.6	20.525
128	Te	1.51E-07	127904461.3	0.929
129	Cd	8.37E-07	128931820	210
129	In	4.88E-03	128921805.3	2.893
129	Sn-m	1.18E-01	128913502.5	10
129	Sn	2.88E-01	128913464.7	20.804
129	Sb	1.72E-01	128909146.7	22.792
129	Te	1.80E-04	128906596.5	0.933
129	I	4.08E-09	128904983.7	3.401
130	Ag	1.23E-10	129950703	358
130	Cd	8.83E-06	129933940.7	176.559
130	In	1.02E-02	129924976.6	40.858
130	Sn	3.62E-01	129913973.8	2.282
130	Sb-m	2.80E-01	129911667.8	10
130	Sb	1.64E-01	129911662.1	15.288
130	Te	3.07E-02	129906222.7	0.012
131	Cd	6.68E-07	130940600	210
131	In	2.62E-03	130926971.5	2.871
131	Sn	2.96E-01	130917045	6.518
131	Sb	9.95E-01	130911988.8	2.264
131	Te-m	2.36E-01	130908717.9	10
131	Te	6.95E-02	130908522.2	0.065
131	I	1.41E-03	130906126.3	0.69
131	Xe	0.00E+00	130905084.1	0.236
132	Cd	7.06E-08	131946040	210
132	In	5.14E-04	131933001.3	64.487
132	Sn	1.38E-01	131917826.7	3.11
132	Sb-m	5.11E-01	131914717.7	10
132	Sb	7.06E-01	131914507.7	2.9
132	Te	7.77E-01	131908546.7	3.742
132	I	2.11E-02	131907993.5	4.364
132	Xe	2.44E-05	131904155.1	0.00559
132	Cs	6.65E-10	131906433.9	2.147
133	In	1.95E-04	132938310	210
133	Sn	6.26E-02	132923913.4	2.562
133	Sb	1.06E+00	132915273.2	3.415
133	Te-m	1.28E+00	132911327.5	10
133	Te	5.24E-01	132910968.8	3.873
133	I	2.19E-01	132907797	5.007
133	Xe	6.68E-04	132905910.8	2.576
134	In	2.59E-05	133944540	320
134	Sn	1.51E-02	133928682.1	3.518
134	Sb	5.58E-01	133920535.7	1.83
134	Te	2.35E+00	133911394	2.975
134	I-m	5.83E-01	133910098.2	10
134	I	3.31E-01	133909758.8	5.916
134	Xe	0.00E+00	133905394.7	0.904
135	Sn	1.24E-03	134934908.6	3.3
135	Sb	1.46E-01	134925185.1	3.1
135	Te	1.78E+00	134916555.7	2.9
135	I	1.85E+00	134910048.8	5.798
135	Xe-m	2.25E-01	134907793.3	10
135	Xe	1.86E-01	134907227.8	4.455
135	Cs	2.07E-03	134905977	1.069
136	Sn	8.67E-05	135939990	430
136	Sb	3.02E-02	135930745.9	6.8
136	Te	9.12E-01	135920100.6	2.624
136	I-m	9.32E-01	135914826.1	10
136	I	1.36E+00	135914604.4	15.238
137	Sn	2.44E-06	136946550	540
137	Sb	2.50E-03	136935555	322.5
137	Te	2.33E-01	136925598.9	2.7
137	I	1.57E+00	136918028.2	9
137	Xe	2.59E+00	136911557.8	0.111
137	Cs	6.93E-01	136907089.2	0.355
137	Ba	0.00E+00	136905827.1	0.303
138	Sn	6.66E-08	137951840	640
138	Sb	2.03E-04	137941450	320
138	Te	5.41E-02	137929472.2	4.7
138	I	1.00E+00	137922726.4	6.4
138	Xe	3.63E+00	137914146.3	3.01
138	Cs-m	3.01E-01	137911103.1	10
138	Cs	5.73E-01	137911017.1	9.832
139	Sb	1.03E-05	138946550	430
139	Te	8.22E-03	138935367.2	3.8
139	I	4.10E-01	138926506.2	31
139	Xe	3.50E+00	138918792.2	2.3
139	Cs	1.83E+00	138913363.8	3.367
139	Ba	1.45E-01	138908841.1	0.309
139	La	4.07E-04	138906356.3	2.438
139	Ce	0.00E+00	138906655.1	7.842
140	Te	8.48E-04	139939498.6	30
140	I	1.16E-01	139931727	195
140	Xe	2.55E+00	139921645.8	2.5
140	Cs	2.77E+00	139917283.1	8.804
140	Ba	5.16E-01	139910605.7	8.527
140	La	5.03E-03	139909480.6	2.438
141	I	2.77E-02	140935690	210
141	Xe	1.00E+00	140926787.2	3.1
141	Cs	3.79E+00	140920045.5	9.785
141	Ba	1.11E+00	140914403.3	5.709
141	La	3.72E-02	140910966	4.782
141	Ce	1.08E-04	140908280.7	2.34
142	Te	3.47E-06	141950220	540
142	I	3.75E-03	141941202	402
142	Xe	3.68E-01	141929973.1	2.9
142	Cs	2.53E+00	141924296	7.898
142	Ba	2.70E+00	141916432.4	6.364
142	La	4.14E-01	141914090.9	6.853
142	Ce	1.57E-03	141909250.4	2.91
143	Xe	4.18E-02	142935369.6	5
143	Cs	7.43E-01	142927349.3	23.679
143	Ba	4.40E+00	142920625.3	7.43
143	La	1.05E+00	142916079.5	7.871
143	Ce	1.64E-02	142912392.1	2.909
143	Pr	2.27E-05	142910822.8	2.396
143	Nd	2.54E-09	142909820	1.953
144	Xe	1.16E-02	143938945.1	5.7
144	Cs	5.49E-01	143932076.3	27.104
144	Ba	3.37E+00	143922954.9	7.702
144	La	1.86E+00	143919645.6	13.888
144	Ce	1.01E-01	143913652.9	3.354
144	Pr	3.80E-05	143913310.9	3.233
144	Nd	1.27E-07	143910093	1.952
145	Xe	1.12E-03	144944719.6	12
145	Cs	1.49E-01	144935527.4	11.549
145	Ba	2.06E+00	144927518.4	9.1
145	La	2.51E+00	144921808.1	13.17
145	Ce	3.47E-01	144917265.2	36.405
145	Pr	4.25E-03	144914518.2	7.798
145	Nd	4.34E-06	144912579.3	1.953
145	Pm	2.42E-10	144912755.9	3.306
146	Xe	6.50E-05	145948518.2	26
146	Cs	2.58E-02	145940344.3	42.474
146	Ba	9.81E-01	145930283.7	21.931
146	La-m**	2.39E+00	145925837.4	10
146	La**	2.39E+00	145925677	36.014
146	Ce	1.01E+00	145918802.4	17.503
146	Pr	3.07E-02	145917679.9	37.377
146	Nd	9.21E-05	145913122.6	1.953
146	Pm	1.59E-08	145914702.4	4.771
147	Cs	0.00E+00	146944156.2	56.915
147	Ba	2.50E-01	146935303.9	21.2
147	La	1.94E+00	146928417.8	11.5
147	Ce	1.91E+00	146922689.9	9.211
147	Pr	1.81E-01	146919007.5	17.033
147	Nd	1.43E-03	146916106.1	1.953
147	Pm	7.42E-07	146915145	1.926
147	Sm	3.28E-11	146914904.4	1.919
148	Xe	4.30E-08	147958130	210
148	Cs	1.54E-04	147949225.1	617.89
148	Ba	4.80E-02	147938170.6	67.718
148	La	9.86E-01	147932679.4	20.9
148	Ce	2.35E+00	147924424.2	12.019
148	Pr	5.41E-01	147922130.1	16.154
148	Nd	1.33E-02	147916899.3	2.594
149	Ba	4.04E-03	148943080	210
149	La	2.34E-01	148935351.3	214.99
149	Ce	1.50E+00	148928426.9	11
149	Pr	9.29E-01	148923736.1	10.6
149	Nd	5.80E-02	148920154.8	2.595
149	Pm	2.86E-04	148918342.3	2.698
149	Sm	1.20E-07	148917192.1	1.839
150	Cs	1.15E-07	149958330	320
150	Ba	3.27E-04	149946050	320
150	La	5.51E-02	149939470	210
150	Ce	9.41E-01	149930384	12.556
150	Pr	1.30E+00	149926676.5	9.679
150	Nd	1.45E-01	149920902.2	1.821
150	Pm	1.92E-03	149920990.9	21.546
150	Sm	4.19E-06	149917282.9	1.809
151	La	6.14E-03	150942320	210
151	Ce	2.92E-01	150934272.2	19
151	Pr	1.07E+00	150928309.3	12.51
151	Nd	5.60E-01	150923840.3	1.823
151	Pm	2.15E-02	150921217.5	5.132
151	Sm	8.56E-05	150919939.8	1.807
151	Eu	1.89E-08	150919857.8	1.843
152	Ba	3.77E-07	151954810	430
152	La	5.59E-04	151946820	320
152	Ce	7.45E-02	151936600	210
152	Pr	6.96E-01	151931552.9	19.9
152	Nd	8.28E-01	151924692.2	26.312
152	Pm-m	6.06E-02	151923660.3	10
152	Pm	6.06E-02	151923506.2	27.842
152	Sm	1.32E-03	151919739.7	1.759
152	Eu	0.00E+00	151921752.2	1.843
153	La	2.59E-05	152950360	320
153	Ce	1.02E-02	152940930	210
153	Pr	2.61E-01	152933903.5	12.755
153	Nd	7.99E-01	152927718	2.949
153	Pm	2.17E-01	152924156.7	9.74
153	Sm	6.56E-03	152922104.7	1.765
153	Eu	1.38E-05	152921238	1.846
153	Gd	2.35E-09	152921758	1.751
154	La	6.18E-07	153955170	430
154	Ce	7.33E-04	153943800	320
154	Pr	5.33E-02	153937525.7	162.792
154	Nd	4.19E-01	153929484.9	122.378
154	Pm-m	2.55E-01	153926601.8	10
154	Pm	2.98E-01	153926471.5	48.05
154	Sm	4.19E-02	153922216.9	1.964
154	Eu	2.58E-04	153922987	1.857
155	Ce	5.40E-05	154948550	430
155	Pr	1.15E-02	154940509.3	18.462
155	Nd	2.43E-01	154933135.7	9.826
155	Pm	4.40E-01	154928137	5.065
155	Sm	9.59E-02	154924647.7	1.985
155	Eu	1.72E-03	154922901.1	1.902
155	Gd	2.68E-06	154922630.5	1.742
155	Tb	2.43E-10	154923510.5	10.629
156	Ce	2.93E-06	155951830	430
156	Pr	1.82E-03	155944640	320
156	Nd	1.05E-01	155935078.9	214.744
156	Pm	4.58E-01	155931117.5	3.898
156	Sm	1.01E-01	155925536.1	10.044
156	Eu	9.92E-03	155924760.5	5.927
156	Gd	4.76E-05	155922131.2	1.742
156	Tb	1.17E-08	155924755.2	4.298
157	Ce	5.90E-08	156957050	540
157	Pr	1.08E-04	156947890	430
157	Nd	1.77E-02	156939386.1	26.751
157	Pm	2.00E-01	156933121.4	7.521
157	Sm	2.85E-01	156928418.7	4.759
157	Eu	3.50E-02	156925433.4	4.639
157	Gd	4.69E-04	156923968.6	1.742
157	Tb	3.82E-07	156924033	1.77
157	Dy	2.60E-11	156925470.7	5.744
158	Pr	4.82E-06	157952410	430
158	Nd	2.28E-03	157941970	320
158	Pm	6.91E-02	157936565.1	14.442
158	Sm	2.45E-01	157929951	5.251
158	Eu	1.48E-01	157927798.6	11.008
158	Gd	5.58E-03	157924112.3	1.742
158	Tb	1.20E-05	157925420.9	1.997
159	Pr	1.93E-07	158955890	540
159	Nd	2.54E-04	158946530	430
159	Pm	2.04E-02	158939286.5	10.777
159	Sm	1.76E-01	158933217.2	6.37
159	Eu	1.31E-01	158929100.1	4.664
159	Gd	1.24E-02	158926397	1.744
159	Tb	8.08E-05	158925354.7	1.879
159	Dy	4.72E-08	158925747	2.187
160	Nd	1.74E-05	159949400	430
160	Pm	3.90E-03	159943100	320
160	Sm	8.67E-02	159935335.3	6.37
160	Eu	1.57E-01	159931850.9	10.199
160	Gd	3.74E-02	159927062.4	1.84
160	Tb	6.73E-04	159927175.6	1.884
160	Dy	1.13E-06	159925204.6	2.021
161	Nd	7.31E-07	160954280	540
161	Pm	4.41E-04	160946070	320
161	Sm	2.49E-02	160939160.2	7.318
161	Eu	1.06E-01	160933664.1	11.164
161	Gd	5.95E-02	160929677.5	2.13
161	Tb	2.71E-03	160927577.8	1.962
161	Dy	1.23E-05	160926940.5	2.02
161	Ho	2.85E-09	160927861.5	3.023
162	Pm	3.10E-05	161950220	430
162	Sm	4.57E-03	161941460	210
162	Eu	4.70E-02	161936988.8	64.567
162	Gd	6.10E-02	161930993	4.475
162	Tb	3.43E-03	161929495.4	39.09
162	Dy	8.24E-05	161926805.6	2.021
162	Ho	0.00E+00	161929102.3	3.86
163	Pm	1.43E-06	162953570	540
163	Sm	5.78E-04	162945550	320
163	Eu	1.52E-02	162939195.7	75.69
163	Gd	4.68E-02	162934176.9	9.045
163	Tb	1.28E-02	162930654.7	4.746
163	Dy	4.09E-04	162928738.3	2.021
163	Ho	7.27E-07	162928741	2.021
164	Sm	5.22E-05	163948360	320
164	Eu	3.52E-03	163942744	223
164	Gd	2.58E-02	163935830	210
164	Tb	1.65E-02	163933358	107.373
164	Dy	1.32E-03	163929181.9	2.021
164	Ho	2.16E-06	163930240.3	2.459
165	Sm	2.98E-06	164952970	430
165	Eu	5.43E-04	164945587	345
165	Gd	9.96E-03	164939360	320
165	Tb	1.51E-02	164934980	210
165	Dy	2.61E-03	164931710.5	2.022
165	Ho	4.41E-05	164930328.8	2.129
165	Er	6.02E-08	164930734.5	2.107
166	Eu	6.30E-05	165949620	320
166	Gd	2.92E-03	165941460	640
166	Tb	1.04E-02	165937859.5	75.176
166	Dy	4.86E-03	165932813.9	2.067
166	Ho	6.00E-05	165932290.9	2.129
166	Er	7.39E-07	165930299.5	2.179
166	Tm	1.59E-10	165933560.6	12.586
167	Eu	4.05E-06	166952890	430
167	Gd	4.87E-04	166945450	430
167	Tb	4.14E-03	166939960	210
167	Dy	4.51E-03	166935661.4	64.686
167	Ho	4.20E-04	166933138.6	5.945
167	Er	3.59E-06	166932054.6	2.18
167	Tm	2.44E-09	166932856.2	2.464
168	Gd	5.74E-05	167948080	430
168	Tb	1.24E-03	167943400	320
168	Dy	3.20E-03	167937133.3	150.317
168	Ho	7.33E-04	167935522.2	32.28
168	Er	1.92E-05	167932376.7	2.182
168	Tm	3.17E-08	167934177.4	2.741
168	Yb	4.48E-12	167933889.6	2.198
169	Gd	2.86E-06	168952600	540
169	Tb	1.57E-04	168945970	320
169	Dy	9.60E-04	168940313.5	322.788
169	Ho	5.14E-04	168936878.2	21.622
169	Er	3.39E-05	168934596.9	2.188
169	Tm	1.59E-07	168934217.9	2.217
169	Yb	5.42E-11	168935182.5	2.204
170	Tb	3.62E-05	169949840	430
170	Dy	5.49E-04	169942390	210
170	Ho	3.48E-04	169939624.8	53.738
170	Er	1.15E-04	169935470.2	2.556
170	Tm	1.39E-06	169935806	2.218
171	Tb	3.59E-06	170952730	540
171	Dy	1.37E-04	170946120	320
171	Ho	4.04E-04	170941471	644.131
171	Er	1.59E-04	170938035.7	2.568
171	Tm	4.91E-06	170936433.9	2.396
171	Yb	1.47E-08	170936330.2	2.167
171	Lu	1.27E-12	170937917	2.688
172	Dy	2.30E-05	171948460	320
172	Ho	1.63E-04	171944730	210
172	Er	1.48E-04	171939361.9	4.731
172	Tm	1.15E-05	171938405.5	6.239
172	Yb	9.16E-08	171936385.9	2.166
172	Lu	2.19E-11	171939089.1	2.974
0	nil	0.990	0	0
1	H	99.99	1007825.032	0.00009
2	H	0.015	2014101.778	0.00012
3	He	0.00014	3016029.32	0.0025
4	He	100	4002603.254	0.00006
6	Li	7.42	6015122.887	0.00155
7	Li	92.58	7016003.437	0.00454
9	Be	100	9012183.065	0.082
10	B	19.8	10012936.95	0.412
11	B	80.2	11009305.36	0.446
12	C	98.9	12000000	0
13	C	1.1	13003354.84	0.00023
14	N	99.63	14003074	0.0002
15	N	0.37	15000108.9	0.00064
16	O	99.76	15994914.62	0.00017
17	O	0.038	16999131.76	0.00069
18	O	0.2	17999159.61	0.00076
19	F	100	18998403.16	0.00092
20	Ne	90.6	19992440.18	0.00168
21	Ne	0.26	20993846.69	0.041
22	Ne	9.2	21991385.11	0.018
23	Na	100	22989769.28	0.00194
24	Mg	78.9	23985041.7	0.014
25	Mg	10	24985836.98	0.05
26	Mg	11.1	25982592.97	0.031
27	Al	100	26981538.53	0.111
28	Si	92.23	27976926.53	0.00044
29	Si	4.67	28976494.66	0.00052
30	Si	3.1	29973770.14	0.023
31	P	100	30973762	0.0007
32	S	95.02	31972071.17	0.00141
33	S	0.75	32971458.91	0.00145
34	S	4.21	33967867	0.047
35	Cl	75.77	34968852.68	0.037
36	S	0.02	35967080.71	0.201
36	Ar	0.34	35967545.11	0.028
37	Cl	24.23	36965902.6	0.055
38	Ar	0.063	37962732.11	0.209
39	K	93.2	38963706.49	0.00492
40	Ca	96.95	39962590.86	0.022
40	K	0.012	39963998.17	0.06
40	Ar	99.6	39962383.12	0.0024
41	K	6.73	40961825.26	0.00408
42	Ca	0.65	41958617.83	0.159
43	Ca	0.14	42958766.44	0.244
44	Ca	2.086	43955481.56	0.348
45	Sc	100	44955908.28	0.773
46	Ti	8	45952627.72	0.351
46	Ca	0.004	45953689.02	2.426
47	Ti	7.3	46951758.79	0.382
48	Ca	0.19	47952522.77	0.129
48	Ti	73.8	47947941.98	0.384
49	Ti	5.5	48947865.68	0.386
50	V	0.25	49947156.01	0.945
50	Cr	4.35	49946041.83	0.943
50	Ti	5.4	49944786.89	0.389
51	V	99.75	50943957.04	0.942
52	Cr	83.79	51940506.23	0.631
53	Cr	9.5	52940648.15	0.62
54	Cr	2.36	53938879.16	0.611
54	Fe	5.8	53939608.99	0.529
55	Mn	100	54938043.91	0.476
56	Fe	91.72	55934936.33	0.489
57	Fe	2.2	56935392.84	0.49
58	Fe	0.28	57933274.43	0.527
58	Ni	68.27	57935342.41	0.518
59	Co	100	58933194.29	0.556
60	Ni	26.1	59930785.89	0.518
61	Ni	1.13	60931055.57	0.519
62	Ni	3.59	61928345.37	0.554
63	Cu	69.17	62929597.72	0.556
64	Zn	48.6	63929142.01	0.709
64	Ni	0.91	63927966.82	0.584
65	Cu	30.83	64927789.7	0.709
66	Zn	27.9	65926033.81	0.939
67	Zn	4.1	66927127.75	0.958
68	Zn	18.8	67924844.55	0.98
69	Ga	60.1	68925573.54	1.285
70	Ge	20.5	69924248.75	0.903
70	Zn	0.6	69925319.21	2.059
71	Ga	39.9	70924702.58	0.874
72	Ge	27.4	71922075.83	0.081
73	Ge	7.8	72923458.96	0.061
74	Ge	36.5	73921177.76	0.013
74	Se	0.9	73922475.93	0.015
75	As	100	74921594.57	0.948
76	Ge	7.8	75921402.73	0.019
76	Se	9	75919213.7	0.017
77	Se	7.6	76919914.15	0.067
78	Se	23.5	77917309.28	0.195
78	Kr	0.35	77920364.94	0.756
79	Br	50.69	78918337.58	1.387
80	Se	49.6	79916521.76	1.339
80	Kr	2.25	79916378.08	0.747
81	Br	49.31	80916289.69	1.375
82	Se	9.4	81916699.5	1.516
82	Kr	11.6	81913482.73	0.94
83	Kr	11.5	82914127.16	0.321
84	Sr	0.56	83913419.14	1.334
84	Kr	57	83911497.73	0.00442
85	Rb	72.17	84911789.74	0.00535
86	Sr	9.86	85909260.61	1.154
86	Kr	17.3	85910610.63	0.00407
87	Rb	27.84	86909180.53	0.006
87	Sr	7	86908877.53	1.154
88	Sr	82.58	87905612.54	1.164
89	Y	100	88905840.35	2.397
90	Zr	51.45	89904697.66	1.984
91	Zr	11.27	90905639.59	1.964
92	Mo	14.84	91906807.96	0.837
92	Zr	17.17	91905034.68	1.962
93	Nb	100	92906373	1.958
94	Zr	17.33	93906310.83	2.019
94	Mo	9.25	93905084.9	0.479
95	Mo	15.92	94905838.77	0.473
96	Mo	16.68	95904676.12	0.473
96	Ru	5.52	95907590.26	0.491
96	Zr	2.78	95908271.43	2.141
97	Mo	9.55	96906018.12	0.49
98	Ru	1.88	97905286.81	6.937
98	Mo	24.13	97905404.82	0.493
99	Ru	12.7	98905934.08	1.129
100	Mo	9.63	99907471.78	1.124
100	Ru	12.6	99904214.26	1.129
101	Ru	17	100906160.6	6.286
102	Pd	1.02	101905602.2	2.833
102	Ru	31.6	101904344.1	1.155
103	Rh	100	102905498	2.61
104	Ru	18.7	103905427.5	2.755
104	Pd	11.14	103904030.5	1.435
105	Pd	22.33	104905079.6	1.222
106	Pd	27.33	105903480.4	1.187
106	Cd	1.25	105906459.9	1.185
107	Ag	51.84	106905091.6	2.557
108	Pd	26.46	107903891.6	1.191
108	Cd	0.89	107904183.4	1.206
109	Ag	48.16	108904755.3	1.405
110	Pd	11.72	109905172.2	0.745
110	Cd	12.49	109903006.6	0.606
111	Cd	12.8	110904182.9	0.605
112	Cd	24.13	111902762.9	0.595
112	Sn	0.97	111904823.9	0.614
113	In	4.3	112904061.8	0.914
113	Cd	12.22	112904408.1	0.445
114	Sn	0.65	113902782.7	1.042
114	Cd	28.73	113903365.1	0.43
115	In	95.7	114903878.8	0.012
115	Sn	0.36	114903344.7	0.016
116	Cd	7.49	115904763.1	0.171
116	Sn	14.7	115901742.8	0.102
117	Sn	7.7	116902954	0.519
118	Sn	24.3	117901606.6	0.536
119	Sn	8.6	118903311.2	0.779
120	Te	0.096	119904059.3	3.341
120	Sn	32.4	119902201.6	0.97
121	Sb	57.3	120903812	3.009
122	Te	2.6	121903043.5	1.619
122	Sn	4.6	121903443.8	2.576
123	Sb	42.7	122904213.2	2.278
123	Te	0.91	122904269.8	1.617
124	Sn	5.6	123905276.6	1.089
124	Te	4.82	123902817.1	1.614
124	Xe	0.1	123905892	1.936
125	Te	7.14	124904429.9	1.614
126	X	0.09	125904298.3	3.847
126	Te	18.95	125903310.9	1.616
127	I	100	126904471.9	3.915
128	Te	31.69	127904461.3	0.929
128	Xe	1.91	127903531	1.138
129	Xe	26.4	128904780.9	0.00596
130	Ba	0.11	129906320.7	2.767
130	Te	33.8	129906222.7	0.012
130	Xe	4.1	129903509.3	0.01
131	Xe	21.2	130905084.1	0.236
132	Xe	26.9	131904155.1	0.00559
132	Ba	0.1	131905061.1	1.132
133	Cs	100	132905452	0.008
134	Xe	10.4	133905394.7	0.904
134	Ba	2.42	133904508.2	0.296
135	Ba	6.59	134905688.4	0.294
136	Xe	8.9	135907214.5	0.011
136	Ce	0.19	135907129.2	0.412
136	Ba	7.85	135904575.7	0.294
137	Ba	11.23	136905827.1	0.303
138	Ba	71.7	137905247	0.306
138	La	0.09	137907114.9	3.684
138	Ce	0.25	137905991.1	10.612
139	La	99.91	138906356.3	2.438
140	Ce	88.48	139905443.1	2.34
141	Pr	100	140907657.6	2.292
142	Ce	11.08	141909250.4	2.91
142	Nd	27.13	141907729	1.953
143	Nd	12.18	142909820	1.953
144	Sm	3.1	143912006.5	2.09
144	Nd	23.8	143910093	1.952
145	Nd	8.3	144912579.3	1.953
146	Nd	17.19	145913122.6	1.953
147	Sm	15	146914904.4	1.919
148	Nd	5.76	147916899.3	2.594
148	Sm	11.3	147914829.2	1.92
149	Sm	13.8	148917192.1	1.839
150	Nd	5.64	149920902.2	1.821
150	Sm	7.4	149917282.9	1.809
151	Eu	47.8	150919857.8	1.843
152	Gd	0.2	151919799.5	1.754
152	Sm	26.7	151919739.7	1.759
153	Eu	52.2	152921238	1.846
154	Sm	22.7	153922216.9	1.964
154	Gd	2.18	153920874.1	1.747
155	Gd	14.8	154922630.5	1.742
156	Gd	20.47	155922131.2	1.742
156	Dy	0.06	155924284.7	1.746
157	Gd	15.65	156923968.6	1.742
158	Dy	0.1	157924415.9	3.075
158	Gd	24.84	157924112.3	1.742
159	Tb	100	158925354.7	1.879
160	Gd	21.86	159927062.4	1.84
160	Dy	2.34	159925204.6	2.021
161	Dy	18.9	160926940.5	2.02
162	Er	0.14	161928788.4	2.046
162	Dy	25.5	161926805.6	2.021
163	Dy	24.9	162928738.3	2.021
164	Dy	28.2	163929181.9	2.021
164	Er	1.61	163929208.8	2.024
165	Ho	100	164930328.8	2.129
166	Er	33.6	165930299.5	2.179
167	Er	22.95	166932054.6	2.18
168	Yb	0.13	167933889.6	2.198
168	Er	26.8	167932376.7	2.182
169	Tm	100	168934217.9	2.217
170	Yb	3.05	169934766.4	2.21
170	Er	14.9	169935470.2	2.556
171	Yb	14.3	170936330.2	2.167
172	Yb	21.9	171936385.9	2.166
173	Yb	16.12	172938215.1	2.16
174	Hf	0.16	173940046.1	2.845
174	Yb	31.8	173938866.4	2.16
175	Lu	97.4	174940775.2	2.041
176	Yb	12.7	175942576.4	2.414
176	Lu	2.6	175942689.7	2.039
176	Hf	5.2	175941407.6	2.19
177	Hf	18.6	176943227.7	2.031
178	Hf	27.1	177943705.8	2.029
179	Hf	13.74	178945823.2	2.028
180	Ta	0.012	179947464.8	2.445
180	W	0.13	179946710.8	2.043
180	Hf	35.2	179946557	2.032
181	Ta	99.99	180947995.8	1.979
182	W	26.3	181948203.9	0.905
183	W	14.3	182950222.7	0.903
184	W	30.67	183950930.9	0.942
184	Os	0.02	183952488.5	1.441
185	Re	37.4	184952954.5	1.326
186	W	28.6	185954362.8	1.655
186	Os	1.58	185953835	1.596
187	Re	62.6	186955750.1	1.609
187	Os	1.6	186955747.4	1.609
188	Os	13.3	187955835.2	1.616
189	Os	16.1	188958144.2	1.694
190	Pt	0.01	189959929.7	6.263
190	Os	26.4	189958443.7	1.705
191	Ir	37.3	190960589.3	2.063
192	Os	41	191961477	2.926
192	Pt	0.79	191961038.7	3.225
193	Ir	62.7	192962921.6	2.074
194	Pt	32.9	193962680.9	1.003
195	Pt	33.8	194964791.7	0.995
196	Hg	0.15	195965832.6	3.172
196	Pt	25.3	195964952.1	0.985
197	Au	100	196966568.8	0.705
198	Hg	10.1	197966768.6	0.515
198	Pt	7.2	197967894.9	2.324
199	Hg	17	198968280.6	0.457
200	Hg	23.1	199968326.6	0.467
201	Hg	13.2	200970302.8	0.693
202	Hg	29.65	201970643.4	0.692
203	Tl	29.52	202972344.6	1.363
204	Hg	6.8	203973494	0.527
204	Pb	1.4	203973044	1.333
205	Tl	70.48	204974427.8	1.426
206	Pb	24.1	205974465.7	1.329
207	Pb	22.1	206975897.3	1.332
208	Pb	52.4	207976652.5	1.333
209	Bi	100	208980399.1	1.553
232	Th	100	232038055.8	2.092
234	U	0.006	234040952.3	1.923
235	U	0.72	235043930.1	1.92
238	U	99.27	238050788.4	2.019
